300
19985000
330
280
0
0
12
24
36
48
60
81
3
15
27
39
51
63
84
6
18
30
42
54
66
87
9
21
33
45
57
69
90
12
24
36
48
60
72
93
15
27
39
51
63
75
36
48
60
72
84
6
18
30
42
54
72
93
9
21
33
45
57
75
96
12
24
36
48
60
78
99
15
27
39
51
63
81
102
18
30
42
54
66
84
21
33
45
57
69
42
54
66
78
12
24
36
48
63
84
105
15
27
39
51
66
87
108
18
30
42
54
69
90
111
21
33
45
57
72
93
24
36
48
60
75
27
39
51
63
48
60
72
18
30
42
54
75
96
117
21
33
45
57
78
99
120
24
36
48
60
81
102
123
27
39
51
63
84
105
30
42
54
66
87
33
45
57
69
54
66
78
24
36
48
66
87
108
129
27
39
51
69
90
111
132
30
42
54
72
93
114
33
45
57
75
96
36
48
60
78
39
51
63
60
72
30
42
57
78
99
120
141
33
45
60
81
102
123
36
48
63
84
105
39
51
66
87
42
54
69
45
57
66
36
48
69
90
111
132
153
39
51
72
93
114
135
42
54
75
96
117
45
57
78
99
48
60
81
51
63
72
42
60
81
102
123
144
45
63
84
105
126
48
66
87
108
51
69
90
54
72
57
50
71
92
113
134
53
74
95
116
56
77
98
59
80
62
60
81
102
123
144
63
84
105
126
66
87
108
69
90
72
4
16
28
40
52
64
85
7
19
31
43
55
67
88
10
22
34
46
58
70
91
13
25
37
49
61
73
94
16
28
40
52
64
76
25
37
49
61
73
46
58
70
82
10
22
34
46
58
76
97
13
25
37
49
61
79
100
16
28
40
52
64
82
103
19
31
43
55
67
85
22
34
46
58
70
31
43
55
67
52
64
76
16
28
40
52
67
88
109
19
31
43
55
70
91
112
22
34
46
58
73
94
115
25
37
49
61
76
97
28
40
52
64
79
37
49
61
73
58
70
82
22
34
46
58
79
100
121
25
37
49
61
82
103
124
28
40
52
64
85
106
31
43
55
67
88
34
46
58
70
43
55
67
64
76
28
40
52
70
91
112
133
31
43
55
73
94
115
34
46
58
76
97
37
49
61
79
40
52
64
49
61
70
34
46
61
82
103
124
145
37
49
64
85
106
127
40
52
67
88
109
43
55
70
91
46
58
73
55
67
76
40
52
73
94
115
136
43
55
76
97
118
46
58
79
100
49
61
82
52
64
61
46
64
85
106
127
49
67
88
109
52
70
91
55
73
58
54
75
96
117
138
57
78
99
120
60
81
102
63
84
66
64
85
106
127
67
88
109
70
91
73
8
20
32
44
56
68
89
11
23
35
47
59
71
92
14
26
38
50
62
74
95
17
29
41
53
65
77
23
35
47
59
71
35
47
59
71
56
68
80
14
26
38
50
62
80
101
17
29
41
53
65
83
104
20
32
44
56
68
86
107
23
35
47
59
71
89
29
41
53
65
77
41
53
65
77
62
74
86
20
32
44
56
71
92
113
23
35
47
59
74
95
116
26
38
50
62
77
98
29
41
53
65
80
35
47
59
71
47
59
71
68
80
26
38
50
62
83
104
125
29
41
53
65
86
107
32
44
56
68
89
35
47
59
71
41
53
65
53
65
74
32
44
56
74
95
116
137
35
47
59
77
98
119
38
50
62
80
101
41
53
65
83
47
59
71
59
71
80
38
50
65
86
107
128
41
53
68
89
110
44
56
71
92
47
59
74
53
65
65
44
56
77
98
119
47
59
80
101
50
62
83
53
65
59
50
68
89
110
131
53
71
92
113
56
74
95
59
77
65
58
79
100
121
61
82
103
64
85
67
68
89
110
71
92
74
12
24
36
48
60
72
93
15
27
39
51
63
75
96
18
30
42
54
66
78
99
21
33
45
57
69
81
33
45
57
69
81
45
57
69
81
66
78
90
18
30
42
54
66
84
105
21
33
45
57
69
87
108
24
36
48
60
72
90
27
39
51
63
75
39
51
63
75
51
63
75
72
84
24
36
48
60
75
96
117
27
39
51
63
78
99
30
42
54
66
81
33
45
57
69
45
57
69
57
69
78
30
42
54
66
87
108
129
33
45
57
69
90
111
36
48
60
72
93
39
51
63
75
51
63
75
63
75
84
36
48
60
78
99
120
39
51
63
81
102
42
54
66
84
45
57
69
57
69
69
42
54
69
90
111
45
57
72
93
48
60
75
51
63
63
48
60
81
102
123
51
63
84
105
54
66
87
57
69
69
54
72
93
114
57
75
96
60
78
63
62
83
104
65
86
68
72
93
114
75
96
78
16
28
40
52
64
76
97
19
31
43
55
67
79
100
22
34
46
58
70
82
31
43
55
67
79
43
55
67
79
55
67
79
76
88
22
34
46
58
70
88
109
25
37
49
61
73
91
28
40
52
64
76
37
49
61
73
49
61
73
61
73
82
28
40
52
64
79
100
121
31
43
55
67
82
103
34
46
58
70
85
43
55
67
79
55
67
79
67
79
88
34
46
58
70
91
112
37
49
61
73
94
40
52
64
76
49
61
73
61
73
73
40
52
64
82
103
43
55
67
85
46
58
70
55
67
67
46
58
73
94
115
49
61
76
97
52
64
79
61
73
73
52
64
85
106
55
67
88
58
70
67
58
76
97
61
79
64
66
87
108
69
90
72
76
97
79
20
32
44
56
68
80
101
23
35
47
59
71
83
29
41
53
65
77
41
53
65
77
53
65
77
65
77
86
26
38
50
62
74
92
113
29
41
53
65
77
95
35
47
59
71
83
47
59
71
83
59
71
83
71
83
92
32
44
56
68
83
104
35
47
59
71
86
41
53
65
77
53
65
77
65
77
77
38
50
62
74
95
41
53
65
77
47
59
71
59
71
71
44
56
68
86
107
47
59
71
89
53
65
77
65
77
77
50
62
77
98
53
65
80
59
71
71
56
68
89
59
71
65
62
80
101
65
83
71
70
91
73
80
24
36
48
60
72
84
105
27
39
51
63
75
87
39
51
63
75
87
51
63
75
87
63
75
87
75
87
96
30
42
54
66
78
96
33
45
57
69
81
45
57
69
81
57
69
81
69
81
81
36
48
60
72
87
39
51
63
75
51
63
75
63
75
75
42
54
66
78
99
45
57
69
81
57
69
81
69
81
81
48
60
72
90
51
63
75
63
75
75
54
66
81
57
69
69
60
72
93
63
75
75
66
84
69
74
84
28
40
52
64
76
88
37
49
61
73
85
49
61
73
85
61
73
85
73
85
85
34
46
58
70
82
43
55
67
79
55
67
79
67
79
79
40
52
64
76
91
49
61
73
85
61
73
85
73
85
85
46
58
70
82
55
67
79
67
79
79
52
64
76
61
73
73
58
70
85
67
79
79
64
76
73
70
78
35
47
59
71
83
47
59
71
83
59
71
83
71
83
83
41
53
65
77
89
53
65
77
89
65
77
89
77
89
89
47
59
71
83
59
71
83
71
83
83
53
65
77
65
77
77
59
71
83
71
83
83
65
77
77
71
77
45
57
69
81
93
57
69
81
93
69
81
93
81
93
93
51
63
75
87
63
75
87
75
87
87
57
69
81
69
81
81
63
75
87
75
87
87
69
81
81
75
81
19980000
4294830
1810973
4969606
2833860
5320117
3281420
2568486
4336138
4442654
4866215
4586413
5265638
5016492
6006965
3812976
1898440
4594244
6151129
4483087
5573885
