5
100 100 30
130 80 30
80 60 30
120 150 30
90 80 30
6
100 100 50
145 125 10
60 140 15
160 145 20
130 135 25
80 80 30
50
95 683 87
519 417 27
66 164 27
654 266 5
555 957 3
210 345 81
544 337 34
477 345 25
358 48 99
415 34 5
211 175 25
678 381 96
558 129 72
304 314 100
100 966 46
366 17 85
837 568 37
58 80 16
673 976 74
97 592 38
829 815 4
613 441 94
892 97 57
447 796 72
815 205 68
645 135 34
708 267 27
560 401 43
989 23 34
896 931 56
419 265 98
25 15 8
30 674 99
429 232 12
876 962 31
912 344 30
190 291 5
911 609 8
8 633 74
318 918 54
613 648 9
514 473 95
626 421 64
273 765 85
115 694 55
527 606 92
975 538 1
334 989 11
139 579 8
276 779 92
0